0.21 31.6 5.1 4.7
0.42 26.4 10.3 4.1
0.63 14.6 9.2 3.0
0.84 18.7 10.9 2.6
1.05 14.6 8.4 3.1
1.26 15.7 4.0 1.5
1.47 16.9 0.8 -5.9
1.68 17.8 -0.8 12.5
1.89 17.9 -1.2 9.5
2.1 16.6 1.4 -2.6
2.31 14.8 5.3 1.8
2.52 23.0 8.8 3.2
2.73 14.3 8.0 2.2
2.94 23.9 1.1 -2.9
3.15 18.1 -2.2 6.4
3.36 18.1 -2.3 6.3
3.57 18.1 -2.4 6.1
3.78 23.7 -0.8 13.3
3.99 18.2 0.7 -9.2
4.2 24.9 0.9 -8.3
4.41 18.5 2.1 -4.2
4.62 25.5 0.8 -7.5
4.83 26.2 0.7 -4.3
5.04 30.5 0.4 -15.7
5.25 30.5 0.3 -15.9
5.46 36.4 0.7 -3.6
5.67 39.8 0.8 -2.0
5.88 36.6 1.0 -0.0
6.09 36.8 1.6 2.6
6.3 45.9 1.6 2.6
6.54 33.6 1.6 2.3
6.75 32.3 1.9 3.1
6.96 35.9 1.7 2.7
7.17 35.0 1.5 2.2
7.38 40.5 3.1 2.2
7.59 49.3 1.6 0.2
7.8 51.9 3.2 3.9
8.01 50.6 3.2 4.7
8.22 50.6 3.3 4.8
8.43 53.3 3.2 4.8
8.64 52.0 3.1 4.6
8.85 53.4 1.5 1.3
9.06 52.0 2.9 4.4
9.27 53.4 1.4 1.4
9.48 53.3 1.3 1.3
9.69 53.4 2.9 4.6
9.91 58.2 2.8 4.0
10.14 58.2 2.8 4.0
10.37 56.5 2.8 4.2
10.58 58.2 2.8 4.3
10.81 58.2 1.5 1.7
11.03 54.9 2.8 4.4
11.24 54.9 1.3 0.8
11.45 49.3 0.1 -71.8
11.66 48.1 0.0 -194.2
11.87 46.0 0.2 -33.0
12.08 47.0 0.1 -69.4
12.29 46.9 0.1 -67.1
12.5 47.0 0.1 -51.9
12.71 47.0 0.1 -51.9
12.92 46.0 0.1 -50.5
13.13 47.0 0.1 -51.9
13.34 46.0 0.1 -52.1
13.55 46.0 0.2 -32.8
13.76 48.2 0.2 -37.1
13.97 49.3 2.0 3.4
14.18 48.2 0.2 -27.9
14.39 46.0 0.2 -27.5
14.6 44.0 2.2 3.5
14.81 44.8 2.4 3.6
15.02 43.9 2.4 3.5
15.23 43.1 0.5 -8.9
15.44 43.1 0.6 -7.3
15.65 43.2 0.5 -8.1
15.86 44.1 0.5 -10.5
16.07 43.0 0.5 -9.9
16.28 43.1 0.4 -11.1
16.61 49.1 -8.4 1.1

数据格式： 时间(s) x坐标(cm) y坐标(cm) z坐标(cm)
